0,0,U
****************************** mine ******* P:13 M: 5 *******
    0 1 2 3 4 5 6 7 8 91011121314151617181920212223242526272829
 0|                           1 - 1   1 - - - 1             1 F |
 1|       1 1 1               1 F 2 1 1 F F F 1             1 1 |
 2|       1 F 1 1 1 1         1 2 F 1 1 2 3 2 1                 |
 3|       1 1 2 2 F 1           1 1 1                           |
 4|           1 F 2 1             1 1 1             1 1 1       |
 5|           1 1 1       1 1 1   1 F 1   1 1 1   1 2 F 1       |
 6|                       1 F 1   1 1 1   1 F 2 1 1 F 2 2 2 2 1 |
 7| 1 1 1         1 1 1   1 1 1           1 2 F 2 2 1 1 1 F F 1 |
 8| 1 F 1         1 F 2 1 1 1 1 1         1 2 3 F 1     1 2 2 1 |
 9| 2 2 1         1 1 2 F 1 1 F 1         1 F 2 1 1             |
10| F 1       1 1 1   1 1 1 1 1 1         2 2 2                 |
11| 1 1   1 2 3 F 2 1                     1 F 1                 |
12|       1 F F 4 F 1               1 1 1 1 1 1 1 1 1           |
13|       1 3 F 3 1 1   1 1 2 1 1   1 F 1       1 F 1           |
14|       1 3 3 2     1 2 F 2 F 1   1 1 1       1 1 1           |
15| 1 1 1 1 F F 1     1 F 3 3 2 1                   1 1 1       |
16| - - 2 3 3 3 1     1 2 3 F 1                     1 F 1       |
17| - - - 2 F 1         1 F 3 2     1 1 1         1 2 2 1       |
18| - - 2 2 1 1 1 1 1   1 2 F 1     1 F 1         1 F 1         |
19| - - 1       1 F 1     1 1 1     1 1 1         1 1 1         |
****************************** mine ******************************
give the axies x,y,U to open, x,y,F to flag or unflag, x,y,Q to quit
16,0,U
****************************** mine ******* P: 0 M: 2 *******
    0 1 2 3 4 5 6 7 8 91011121314151617181920212223242526272829
 0|                           1 1 1   1 2 3 2 1             1 F |
 1|       1 1 1               1 F 2 1 1 F F F 1             1 1 |
 2|       1 F 1 1 1 1         1 2 F 1 1 2 3 2 1                 |
 3|       1 1 2 2 F 1           1 1 1                           |
 4|           1 F 2 1             1 1 1             1 1 1       |
 5|           1 1 1       1 1 1   1 F 1   1 1 1   1 2 F 1       |
 6|                       1 F 1   1 1 1   1 F 2 1 1 F 2 2 2 2 1 |
 7| 1 1 1         1 1 1   1 1 1           1 2 F 2 2 1 1 1 F F 1 |
 8| 1 F 1         1 F 2 1 1 1 1 1         1 2 3 F 1     1 2 2 1 |
 9| 2 2 1         1 1 2 F 1 1 F 1         1 F 2 1 1             |
10| F 1       1 1 1   1 1 1 1 1 1         2 2 2                 |
11| 1 1   1 2 3 F 2 1                     1 F 1                 |
12|       1 F F 4 F 1               1 1 1 1 1 1 1 1 1           |
13|       1 3 F 3 1 1   1 1 2 1 1   1 F 1       1 F 1           |
14|       1 3 3 2     1 2 F 2 F 1   1 1 1       1 1 1           |
15| 1 1 1 1 F F 1     1 F 3 3 2 1                   1 1 1       |
16| 1 F 2 3 3 3 1     1 2 3 F 1                     1 F 1       |
17| 1 2 F 2 F 1         1 F 3 2     1 1 1         1 2 2 1       |
18| 1 2 2 2 1 1 1 1 1   1 2 F 1     1 F 1         1 F 1         |
19| 1 F 1       1 F 1     1 1 1     1 1 1         1 1 1         |
****************************** mine ******************************
